URL =                          https://github.com/beetbox/beets/issues
User name =                    beetbox
Repository name =              beets
Created =                      Thu Apr 26 18:59:13 CEST 2018
Function param. a =            351.38669206816314
Function param. b =            0.003811875486084279
Model name =                   Goel-Okemura model
Total number of defects =      214

Total periods =                269
Sumarization of total defects:
12
12
12
13
13
13
13
14
14
14
16
18
18
19
21
21
21
21
22
22
23
23
23
23
24
24
25
25
25
26
27
27
30
30
30
30
31
31
32
32
32
32
33
33
33
33
34
36
37
40
41
41
46
48
49
50
51
53
56
59
61
62
63
67
67
67
71
73
73
74
77
79
81
82
82
84
85
86
86
86
86
88
90
91
93
93
96
96
96
97
98
101
102
105
108
112
113
113
116
117
123
125
126
128
128
128
128
129
129
130
133
134
135
135
136
137
137
138
139
139
140
141
141
141
142
142
143
144
144
145
147
147
148
148
148
148
148
149
151
153
153
154
155
155
155
157
157
158
158
161
161
161
161
162
163
164
164
164
164
165
165
167
167
169
171
171
172
172
173
173
174
174
176
176
176
176
176
176
176
176
178
179
179
179
181
181
181
181
181
181
181
182
183
184
184
184
185
185
185
187
187
188
188
189
189
190
191
192
193
194
194
194
197
198
198
199
199
200
202
202
202
202
202
202
204
204
205
206
206
206
206
206
207
207
209
209
209
209
209
209
209
209
209
209
210
210
211
211
211
211
211
211
212
212
212
212
213
213
213
213
213
213
213
214
214
214
214
214
214
