URL =                          https://github.com/spring-projects/spring-boot/issues
User name =                    spring-projects
Repository name =              spring-boot
Created =                      Thu Apr 26 19:09:19 CEST 2018
Function param. a =            2.236229775547739E9
Function param. b =            2.329213922795546E-9
Model name =                   Goel-Okemura model
Total number of defects =      1236

Total periods =                232
Sumarization of total defects:
4
5
7
9
12
13
13
14
17
18
21
21
21
23
27
32
36
39
48
50
51
53
60
60
64
72
84
94
108
118
123
128
134
136
141
144
150
155
162
166
176
181
191
193
198
200
201
209
216
219
226
236
245
260
265
274
292
299
306
312
325
333
336
338
346
347
348
354
357
359
363
364
368
375
376
381
384
385
388
391
395
400
406
412
419
426
432
441
444
446
449
454
459
462
469
474
477
483
489
493
502
512
523
526
532
540
547
552
559
566
570
572
581
587
591
592
597
599
601
607
618
623
626
635
638
647
652
658
667
674
680
681
687
693
699
705
706
710
716
719
721
727
738
751
759
765
768
772
778
783
793
797
799
802
806
810
816
824
832
834
840
848
849
853
862
867
869
880
889
900
906
910
919
926
929
932
937
945
948
953
959
962
969
972
977
983
990
1000
1001
1004
1007
1009
1017
1023
1026
1026
1030
1036
1042
1045
1047
1049
1060
1068
1073
1074
1082
1086
1090
1094
1101
1107
1115
1118
1120
1124
1129
1135
1145
1158
1166
1177
1184
1193
1204
1211
1219
1222
1230
1233
1236
1236
