URL =                          https://github.com/eclipse/sumo/
User name =                    eclipse
Repository name =              sumo
Created =                      Thu Apr 26 18:56:31 CEST 2018
Function param. a =            5.99355755988938E9
Function param. b =            6.083155588837542E-10
Model name =                   Goel-Okemura model
Total number of defects =      2181

Total periods =                482
Sumarization of total defects:
11
13
21
22
23
23
25
25
26
30
30
31
38
42
44
46
47
50
52
55
58
63
63
65
66
67
73
74
74
74
74
74
79
81
81
83
84
85
86
86
87
87
89
98
105
105
115
116
116
117
119
121
129
133
157
161
161
162
163
169
170
175
179
179
185
190
196
217
217
218
219
219
221
222
222
223
224
228
228
229
229
229
230
233
243
244
250
253
254
255
258
261
262
268
270
271
274
278
278
283
283
285
292
298
302
309
316
319
321
323
326
328
329
332
333
334
335
336
341
344
348
350
351
352
356
357
357
361
362
363
363
363
364
370
372
374
376
377
378
380
380
383
383
383
387
390
392
395
398
403
406
406
406
412
416
420
422
423
426
433
433
437
437
438
442
444
446
449
451
457
460
460
464
465
468
471
472
473
474
476
477
478
479
480
480
482
486
489
490
491
491
491
491
493
499
501
502
504
506
516
524
532
535
536
536
536
537
542
548
548
554
559
563
564
564
570
570
571
574
577
581
587
587
588
588
591
595
598
604
608
613
618
620
633
638
640
646
650
656
659
669
676
681
683
688
691
692
693
699
702
710
715
721
722
727
729
729
729
734
740
744
744
745
746
752
755
763
773
779
789
795
796
801
805
809
822
829
844
848
854
862
864
871
883
889
892
897
903
907
907
914
920
925
928
936
939
940
943
945
946
948
957
967
978
980
980
986
991
993
993
1005
1010
1025
1032
1038
1044
1050
1058
1071
1084
1091
1099
1101
1102
1109
1123
1125
1136
1138
1149
1153
1154
1155
1155
1157
1161
1162
1162
1167
1167
1167
1167
1169
1180
1182
1201
1209
1221
1225
1227
1232
1234
1238
1244
1244
1253
1262
1266
1273
1277
1277
1277
1281
1288
1294
1300
1307
1313
1325
1333
1344
1345
1360
1366
1366
1372
1378
1390
1397
1400
1406
1416
1423
1430
1442
1447
1455
1458
1462
1470
1472
1477
1479
1479
1479
1486
1489
1492
1498
1502
1505
1508
1512
1519
1527
1535
1542
1551
1555
1564
1576
1586
1589
1590
1596
1604
1612
1623
1642
1649
1656
1670
1675
1686
1697
1704
1712
1720
1728
1734
1737
1748
1764
1775
1785
1792
1799
1815
1836
1852
1869
1878
1885
1892
1895
1904
1911
1916
1921
1935
1944
1954
1959
1964
1972
1984
1994
1997
2010
2025
2043
2049
2057
2060
2074
2076
2079
2081
2086
2089
2097
2099
2114
2122
2132
2139
2148
2158
2164
2165
2176
2181
