URL =                          https://github.com/google/guava
User name =                    google
Repository name =              guava
Created =                      Thu Apr 26 19:12:50 CEST 2018
Function param. a =            285.0939226519336
Function param. b =            93.09064556473012
Model name =                   Goel-Okemura model
Total number of defects =      311

Total periods =                181
Sumarization of total defects:
252
252
253
253
253
254
255
255
255
255
255
255
255
255
255
256
257
257
257
258
258
259
259
259
259
259
259
259
259
259
259
261
261
262
262
263
265
265
266
266
267
267
268
268
270
270
271
272
272
272
273
273
273
273
276
276
277
277
278
279
279
281
281
282
283
284
285
285
285
285
285
286
286
286
286
286
287
287
287
288
289
289
289
289
289
289
290
290
290
290
290
290
290
290
291
291
291
292
292
292
292
293
293
293
293
293
293
294
294
294
294
295
295
295
295
295
295
295
295
295
296
296
296
296
296
296
297
298
298
298
298
298
298
298
298
298
298
298
298
298
298
298
298
299
299
299
300
300
300
300
300
300
301
303
303
304
304
304
306
306
306
307
307
307
307
308
309
309
309
309
309
309
309
309
310
310
310
310
311
311
311
